1 15667
2 22582
3 31014
4 37358
5 35964
6 14862
7 10160
8 7272
9 5398
10 4090
11 3104
12 2432
13 1958
14 1520
15 1233
16 1017
17 903
18 708
19 560
20 495
21 414
22 375
23 317
24 290
25 275
26 214
27 180
28 154
29 158
30 131
31 115
32 115
33 95
34 92
35 70
36 74
37 59
38 52
39 50
40 47
41 38
42 42
43 29
44 42
45 33
46 35
47 23
48 28
49 27
50 26
51 22
52 15
53 20
54 22
55 14
56 19
57 21
58 15
59 19
60 7
61 12
62 11
63 13
64 7
65 7
66 6
67 6
68 15
69 6
70 2
71 2
72 5
73 9
74 3
75 4
76 7
77 2
79 3
80 5
81 3
82 6
83 4
84 2
85 3
86 2
87 3
88 4
89 1
90 2
91 2
92 1
93 2
94 3
95 3
96 1
97 3
98 3
99 3
100 3
101 1
102 1
104 2
105 2
108 2
109 1
111 2
112 1
114 2
115 1
116 1
117 1
118 1
119 3
120 2
122 1
123 3
124 1
126 1
128 2
131 1
136 2
139 1
142 2
144 1
145 2
149 1
151 1
152 1
158 1
160 1
165 1
171 1
179 1
196 1
205 1
212 1
219 1
230 1
257 1
