1 7006082
2 3123996
3 1946112
4 1366438
5 1038602
6 837050
7 701601
8 606574
9 537104
10 481886
11 439016
12 402889
13 374902
14 349878
15 328991
16 311748
17 295150
18 281053
19 268283
20 257012
21 245372
22 236656
23 227411
24 220627
25 214023
26 206011
27 199914
28 194247
29 189046
30 183222
31 178727
32 173537
33 169484
34 165218
35 161622
36 157540
37 154635
38 151185
39 147805
40 144329
41 141486
42 138514
43 136120
44 133030
45 130736
46 129121
47 126111
48 124548
49 122256
50 120400
51 118093
52 116058
53 114358
54 112854
55 110621
56 109361
57 106569
58 104888
59 103457
60 101786
61 100752
62 99147
63 97879
64 96071
65 94968
66 93811
67 92703
68 91451
69 89762
70 89047
71 87626
72 85781
73 85374
74 84243
75 83449
76 81389
77 80996
78 79861
79 79194
80 77952
81 77125
82 76555
83 74977
84 74661
85 72989
86 72189
87 71096
88 70417
89 69789
90 68971
91 68350
92 67420
93 67000
94 65822
95 65117
96 64017
97 63477
98 62248
99 61799
100 61157
101 60556
102 59745
103 59588
104 58314
105 58730
106 57177
107 56817
108 56285
109 55778
110 55120
111 54479
112 53896
113 53759
114 52648
115 52159
116 52163
117 51072
118 50431
119 50335
120 49774
121 49353
122 48638
123 47955
124 47760
125 47179
126 47111
127 46361
128 45714
129 45039
130 44814
131 44493
132 43872
133 43477
134 43235
135 42697
136 42288
137 41618
138 41238
139 40907
140 40643
141 39552
142 39893
143 39102
144 39265
145 38372
146 38406
147 37714
148 37183
149 37193
150 36929
151 36532
152 36083
153 35432
154 35488
155 34987
156 34503
157 34126
158 33935
159 33313
160 33476
161 33099
162 32827
163 32238
164 31872
165 31855
166 31339
167 30992
168 30497
169 30641
170 30164
171 29891
172 29895
173 29417
174 29089
175 28807
176 28547
177 28326
178 27845
179 27983
180 27531
181 27396
182 27027
183 26923
184 26454
185 26186
186 25817
187 25768
188 25284
189 25179
190 25044
191 24981
192 24606
193 24527
194 24106
195 23946
196 23604
197 23531
198 23270
199 23334
200 23202
201 22657
202 22539
203 22562
204 22302
205 22010
206 21977
207 21445
208 21290
209 21461
210 21241
211 20625
212 20903
213 20723
214 20593
215 20108
216 20108
217 19676
218 19575
219 19678
220 19608
221 19302
222 19080
223 18837
224 18882
225 18461
226 18491
227 18363
228 18156
229 18016
230 18001
231 17972
232 17561
233 17614
234 17054
235 17146
236 16924
237 16825
238 16553
239 16442
240 16354
241 16449
242 16218
243 16072
244 15841
245 15669
246 15521
247 15466
248 15310
249 15345
250 15199
251 15069
252 14740
253 14720
254 14755
255 14732
256 14620
257 14189
258 14323
259 14354
260 14086
261 13913
262 13790
263 13592
264 13511
265 13426
266 13207
267 13213
268 13355
269 13286
270 13080
271 12847
272 12892
273 12822
274 12423
275 12570
276 12344
277 12324
278 12220
279 12094
280 11971
281 11845
282 11806
283 11552
284 11653
285 11362
286 11588
287 11413
288 11316
289 11163
290 11207
291 10859
292 10956
293 10926
294 10772
295 10653
296 10570
297 10670
298 10369
299 10450
300 10299
301 10272
302 10237
303 10235
304 10082
305 9969
306 9933
307 10032
308 9796
309 9734
310 9584
311 9492
312 9484
313 9520
314 9530
315 9476
316 9414
317 9053
318 9315
319 8992
320 9184
321 9054
322 8857
323 8785
324 8699
325 8780
326 8594
327 8684
328 8636
329 8417
330 8345
331 8579
332 8353
333 8387
334 8242
335 8165
336 8140
337 7875
338 8093
339 7917
340 7937
341 7997
342 7741
343 7921
344 7566
345 7634
346 7906
347 7528
348 7558
349 7469
350 7456
351 7509
352 7363
353 7397
354 7341
355 7274
356 7081
357 7118
358 7212
359 6967
360 7121
361 6949
362 6903
363 6762
364 6845
365 6762
366 6681
367 6671
368 6618
369 6640
370 6498
371 6464
372 6700
373 6446
374 6288
375 6335
376 6325
377 6314
378 6200
379 6323
380 6030
381 6146
382 5997
383 6109
384 5928
385 5996
386 5837
387 5835
388 5860
389 5947
390 5755
391 5743
392 5667
393 5562
394 5633
395 5644
396 5440
397 5471
398 5634
399 5518
400 5317
401 5406
402 5471
403 5285
404 5280
405 5390
406 5162
407 5133
408 5236
409 5170
410 5164
411 5059
412 5071
413 5051
414 5020
415 5012
416 4841
417 4910
418 4925
419 4865
420 4715
421 4811
422 4894
423 4699
424 4729
425 4742
426 4794
427 4701
428 4584
429 4603
430 4572
431 4446
432 4518
433 4573
434 4509
435 4455
436 4493
437 4448
438 4379
439 4396
440 4396
441 4304
442 4327
443 4405
444 4229
445 4226
446 4139
447 4147
448 4105
449 4159
450 4048
451 4067
452 4000
453 4001
454 3925
455 3932
456 3858
457 3995
458 3940
459 3802
460 3834
461 3874
462 3711
463 3733
464 3753
465 3730
466 3748
467 3654
468 3622
469 3592
470 3496
471 3588
472 3460
473 3401
474 3506
475 3435
476 3479
477 3380
478 3373
479 3366
480 3223
481 3396
482 3235
483 3321
484 3302
485 3271
486 3230
487 3218
488 3198
489 3159
490 3081
491 3157
492 3123
493 3138
494 3108
495 3058
496 3053
497 3070
498 3015
499 3125
500 3005
501 3005
502 2872
503 3020
504 2969
505 2967
506 2803
507 2890
508 2877
509 2819
510 2834
511 2851
512 2773
513 2860
514 2845
515 2740
516 2759
517 2711
518 2771
519 2719
520 2654
521 2631
522 2655
523 2695
524 2712
525 2648
526 2655
527 2550
528 2546
529 2594
530 2624
531 2496
532 2551
533 2465
534 2505
535 2474
536 2520
537 2495
538 2477
539 2400
540 2442
541 2423
542 2353
543 2283
544 2354
545 2350
546 2219
547 2347
548 2276
549 2221
550 2212
551 2310
552 2203
553 2318
554 2205
555 2271
556 2239
557 2232
558 2149
559 2211
560 2146
561 2107
562 2071
563 2160
564 2071
565 2144
566 2135
567 2037
568 2154
569 2045
570 2065
571 1980
572 1906
573 2078
574 2048
575 2026
576 1945
577 1973
578 1883
579 1951
580 1949
581 1935
582 1910
583 1919
584 1895
585 1907
586 1872
587 1881
588 1906
589 1854
590 1858
591 1834
592 1869
593 1873
594 1765
595 1824
596 1753
597 1680
598 1816
599 1794
600 1782
601 1770
602 1757
603 1853
604 1713
605 1748
606 1725
607 1716
608 1715
609 1662
610 1742
611 1720
612 1694
613 1649
614 1655
615 1634
616 1642
617 1650
618 1668
619 1643
620 1568
621 1624
622 1575
623 1644
624 1525
625 1625
626 1603
627 1551
628 1518
629 1552
630 1517
631 1557
632 1490
633 1474
634 1503
635 1529
636 1551
637 1435
638 1518
639 1437
640 1453
641 1398
642 1439
643 1465
644 1479
645 1421
646 1385
647 1394
648 1444
649 1366
650 1354
651 1375
652 1359
653 1385
654 1371
655 1360
656 1366
657 1301
658 1341
659 1260
660 1301
661 1272
662 1332
663 1345
664 1324
665 1351
666 1342
667 1324
668 1326
669 1214
670 1304
671 1338
672 1211
673 1220
674 1236
675 1324
676 1214
677 1256
678 1228
679 1244
680 1225
681 1248
682 1170
683 1185
684 1234
685 1188
686 1159
687 1176
688 1149
689 1157
690 1169
691 1127
692 1149
693 1213
694 1215
695 1150
696 1138
697 1126
698 1148
699 1133
700 1106
701 1113
702 1098
703 1083
704 1045
705 1130
706 1088
707 1088
708 1138
709 1091
710 1081
711 1111
712 1156
713 1089
714 1025
715 959
716 1028
717 1003
718 1034
719 1000
720 1051
721 1030
722 970
723 966
724 1010
725 975
726 982
727 1021
728 1060
729 994
730 1016
731 1009
732 1008
733 999
734 975
735 1022
736 966
737 983
738 984
739 979
740 948
741 886
742 933
743 936
744 987
745 989
746 983
747 930
748 963
749 931
750 937
751 907
752 936
753 909
754 920
755 913
756 938
757 913
758 935
759 894
760 894
761 896
762 874
763 887
764 867
765 856
766 868
767 896
768 906
769 798
770 889
771 853
772 856
773 868
774 863
775 816
776 852
777 866
778 815
779 815
780 836
781 784
782 828
783 854
784 851
785 798
786 807
787 839
788 818
789 766
790 840
791 788
792 789
793 760
794 773
795 796
796 750
797 813
798 786
799 807
800 782
801 791
802 764
803 825
804 714
805 753
806 761
807 775
808 734
809 738
810 731
811 761
812 697
813 755
814 734
815 727
816 760
817 712
818 687
819 725
820 714
821 682
822 689
823 670
824 702
825 688
826 644
827 679
828 665
829 679
830 668
831 671
832 698
833 717
834 696
835 690
836 675
837 690
838 665
839 702
840 683
841 688
842 674
843 652
844 617
845 664
846 630
847 619
848 639
849 672
850 623
851 725
852 659
853 625
854 654
855 636
856 643
857 667
858 620
859 639
860 608
861 626
862 659
863 634
864 599
865 634
866 600
867 625
868 599
869 616
870 583
871 642
872 580
873 609
874 650
875 611
876 576
877 635
878 585
879 552
880 579
881 582
882 559
883 587
884 597
885 580
886 512
887 552
888 582
889 602
890 585
891 605
892 571
893 571
894 582
895 598
896 548
897 556
898 558
899 555
900 589
901 536
902 597
903 599
904 570
905 573
906 561
907 576
908 505
909 547
910 576
911 553
912 588
913 538
914 535
915 533
916 508
917 555
918 550
919 528
920 559
921 503
922 471
923 561
924 511
925 532
926 548
927 516
928 521
929 511
930 508
931 548
932 525
933 530
934 523
935 493
936 507
937 489
938 504
939 515
940 507
941 487
942 504
943 486
944 465
945 488
946 466
947 494
948 533
949 492
950 463
951 462
952 406
953 458
954 467
955 490
956 484
957 440
958 446
959 446
960 420
961 493
962 450
963 459
964 428
965 455
966 476
967 461
968 476
969 421
970 448
971 428
972 485
973 409
974 465
975 434
976 457
977 419
978 411
979 420
980 399
981 431
982 421
983 403
984 449
985 436
986 438
987 388
988 406
989 387
990 439
991 439
992 432
993 405
994 384
995 399
996 397
997 369
998 383
999 415
1000 370
1001 422
1002 387
1003 403
1004 397
1005 370
1006 375
1007 389
1008 382
1009 361
1010 423
1011 385
1012 358
1013 384
1014 393
1015 390
1016 376
1017 379
1018 370
1019 352
1020 344
1021 398
1022 333
1023 373
1024 379
1025 393
1026 333
1027 310
1028 328
1029 333
1030 355
1031 362
1032 332
1033 339
1034 344
1035 370
1036 361
1037 338
1038 342
1039 358
1040 368
1041 324
1042 346
1043 355
1044 356
1045 369
1046 348
1047 342
1048 324
1049 329
1050 321
1051 371
1052 303
1053 332
1054 356
1055 338
1056 337
1057 338
1058 324
1059 348
1060 347
1061 354
1062 315
1063 313
1064 316
1065 338
1066 323
1067 338
1068 301
1069 337
1070 308
1071 339
1072 318
1073 309
1074 293
1075 298
1076 308
1077 304
1078 296
1079 314
1080 302
1081 292
1082 269
1083 278
1084 330
1085 326
1086 298
1087 268
1088 311
1089 289
1090 298
1091 317
1092 284
1093 279
1094 311
1095 282
1096 299
1097 298
1098 280
1099 294
1100 297
1101 263
1102 303
1103 276
1104 299
1105 321
1106 281
1107 273
1108 254
1109 294
1110 309
1111 274
1112 293
1113 297
1114 271
1115 292
1116 272
1117 284
1118 275
1119 252
1120 273
1121 257
1122 266
1123 304
1124 252
1125 277
1126 234
1127 292
1128 284
1129 277
1130 247
1131 275
1132 264
1133 291
1134 264
1135 246
1136 264
1137 292
1138 261
1139 269
1140 244
1141 253
1142 280
1143 248
1144 279
1145 259
1146 236
1147 283
1148 270
1149 288
1150 287
1151 265
1152 273
1153 280
1154 261
1155 240
1156 221
1157 256
1158 253
1159 259
1160 229
1161 237
1162 263
1163 215
1164 201
1165 232
1166 201
1167 234
1168 249
1169 223
1170 233
1171 222
1172 244
1173 240
1174 222
1175 232
1176 224
1177 235
1178 257
1179 243
1180 231
1181 223
1182 218
1183 245
1184 194
1185 207
1186 229
1187 210
1188 242
1189 207
1190 194
1191 222
1192 232
1193 234
1194 239
1195 233
1196 223
1197 251
1198 228
1199 217
1200 211
1201 236
1202 221
1203 219
1204 217
1205 194
1206 213
1207 210
1208 207
1209 225
1210 208
1211 207
1212 186
1213 218
1214 178
1215 204
1216 191
1217 193
1218 196
1219 224
1220 197
1221 193
1222 195
1223 198
1224 219
1225 223
1226 221
1227 219
1228 173
1229 228
1230 178
1231 200
1232 203
1233 195
1234 217
1235 206
1236 197
1237 208
1238 198
1239 192
1240 225
1241 196
1242 195
1243 175
1244 181
1245 195
1246 202
1247 181
1248 188
1249 199
1250 201
1251 162
1252 201
1253 204
1254 178
1255 196
1256 170
1257 191
1258 172
1259 171
1260 204
1261 190
1262 152
1263 183
1264 175
1265 201
1266 175
1267 203
1268 198
1269 169
1270 177
1271 182
1272 176
1273 180
1274 188
1275 169
1276 157
1277 164
1278 165
1279 188
1280 188
1281 174
1282 168
1283 210
1284 176
1285 178
1286 173
1287 179
1288 195
1289 167
1290 156
1291 163
1292 154
1293 184
1294 186
1295 156
1296 161
1297 154
1298 165
1299 195
1300 162
1301 148
1302 176
1303 149
1304 156
1305 174
1306 151
1307 164
1308 174
1309 174
1310 177
1311 194
1312 156
1313 171
1314 161
1315 153
1316 175
1317 137
1318 155
1319 158
1320 168
1321 142
1322 183
1323 142
1324 159
1325 160
1326 139
1327 178
1328 179
1329 164
1330 152
1331 159
1332 177
1333 155
1334 165
1335 163
1336 164
1337 140
1338 148
1339 155
1340 175
1341 151
1342 150
1343 154
1344 157
1345 130
1346 160
1347 163
1348 131
1349 139
1350 152
1351 159
1352 134
1353 160
1354 147
1355 162
1356 129
1357 143
1358 142
1359 141
1360 140
1361 139
1362 145
1363 137
1364 138
1365 137
1366 150
1367 144
1368 137
1369 157
1370 131
1371 123
1372 148
1373 127
1374 150
1375 126
1376 140
1377 151
1378 160
1379 130
1380 136
1381 143
1382 143
1383 133
1384 142
1385 151
1386 159
1387 143
1388 137
1389 152
1390 129
1391 131
1392 133
1393 174
1394 132
1395 138
1396 147
1397 134
1398 145
1399 118
1400 138
1401 133
1402 150
1403 124
1404 134
1405 130
1406 129
1407 139
1408 130
1409 148
1410 139
1411 127
1412 142
1413 138
1414 151
1415 130
1416 139
1417 122
1418 112
1419 129
1420 129
1421 152
1422 137
1423 130
1424 126
1425 123
1426 130
1427 117
1428 125
1429 123
1430 134
1431 114
1432 123
1433 140
1434 139
1435 122
1436 119
1437 116
1438 116
1439 124
1440 137
1441 145
1442 137
1443 126
1444 115
1445 117
1446 123
1447 133
1448 136
1449 118
1450 108
1451 101
1452 132
1453 134
1454 132
1455 130
1456 126
1457 90
1458 119
1459 113
1460 111
1461 128
1462 115
1463 138
1464 129
1465 117
1466 104
1467 118
1468 111
1469 98
1470 122
1471 115
1472 125
1473 146
1474 113
1475 99
1476 118
1477 129
1478 117
1479 120
1480 124
1481 118
1482 119
1483 103
1484 126
1485 122
1486 110
1487 124
1488 101
1489 90
1490 86
1491 102
1492 115
1493 114
1494 113
1495 117
1496 104
1497 107
1498 110
1499 111
1500 117
1501 92
1502 109
1503 99
1504 116
1505 103
1506 108
1507 120
1508 103
1509 126
1510 104
1511 119
1512 114
1513 111
1514 107
1515 105
1516 111
1517 110
1518 120
1519 108
1520 112
1521 106
1522 92
1523 127
1524 113
1525 109
1526 103
1527 103
1528 118
1529 117
1530 113
1531 107
1532 100
1533 99
1534 96
1535 97
1536 108
1537 107
1538 89
1539 100
1540 81
1541 100
1542 91
1543 105
1544 103
1545 94
1546 90
1547 98
1548 103
1549 99
1550 90
1551 110
1552 101
1553 86
1554 102
1555 117
1556 97
1557 108
1558 90
1559 109
1560 106
1561 95
1562 112
1563 96
1564 92
1565 89
1566 105
1567 88
1568 109
1569 78
1570 98
1571 94
1572 99
1573 92
1574 92
1575 87
1576 85
1577 106
1578 74
1579 88
1580 75
1581 81
1582 88
1583 84
1584 88
1585 89
1586 84
1587 83
1588 97
1589 93
1590 77
1591 89
1592 87
1593 88
1594 81
1595 89
1596 89
1597 100
1598 99
1599 99
1600 79
1601 102
1602 82
1603 91
1604 94
1605 78
1606 86
1607 88
1608 89
1609 89
1610 93
1611 90
1612 82
1613 65
1614 102
1615 82
1616 86
1617 82
1618 85
1619 78
1620 80
1621 98
1622 92
1623 92
1624 84
1625 94
1626 92
1627 77
1628 87
1629 101
1630 79
1631 87
1632 77
1633 76
1634 77
1635 60
1636 66
1637 77
1638 79
1639 67
1640 84
1641 87
1642 88
1643 74
1644 79
1645 83
1646 86
1647 68
1648 72
1649 88
1650 91
1651 83
1652 75
1653 70
1654 67
1655 90
1656 92
1657 75
1658 86
1659 78
1660 70
1661 90
1662 78
1663 56
1664 85
1665 67
1666 79
1667 84
1668 63
1669 71
1670 80
1671 68
1672 72
1673 75
1674 81
1675 83
1676 70
1677 78
1678 68
1679 60
1680 67
1681 74
1682 77
1683 68
1684 72
1685 71
1686 87
1687 71
1688 72
1689 64
1690 61
1691 72
1692 90
1693 84
1694 83
1695 73
1696 71
1697 87
1698 70
1699 74
1700 79
1701 57
1702 82
1703 69
1704 68
1705 71
1706 86
1707 55
1708 69
1709 57
1710 73
1711 58
1712 59
1713 58
1714 59
1715 59
1716 62
1717 64
1718 51
1719 63
1720 74
1721 63
1722 63
1723 55
1724 59
1725 73
1726 66
1727 72
1728 72
1729 70
1730 62
1731 70
1732 61
1733 61
1734 70
1735 55
1736 67
1737 71
1738 54
1739 56
1740 69
1741 60
1742 62
1743 64
1744 61
1745 41
1746 58
1747 70
1748 64
1749 62
1750 53
1751 51
1752 53
1753 51
1754 55
1755 61
1756 47
1757 60
1758 63
1759 47
1760 63
1761 39
1762 53
1763 61
1764 44
1765 49
1766 52
1767 53
1768 36
1769 47
1770 58
1771 55
1772 50
1773 55
1774 68
1775 45
1776 61
1777 52
1778 53
1779 52
1780 69
1781 47
1782 49
1783 51
1784 50
1785 47
1786 56
1787 41
1788 57
1789 50
1790 50
1791 59
1792 49
1793 51
1794 43
1795 42
1796 63
1797 62
1798 49
1799 48
1800 51
1801 40
1802 52
1803 38
1804 41
1805 63
1806 57
1807 38
1808 53
1809 42
1810 50
1811 42
1812 49
1813 40
1814 52
1815 41
1816 45
1817 50
1818 53
1819 45
1820 38
1821 44
1822 47
1823 54
1824 57
1825 51
1826 53
1827 54
1828 35
1829 44
1830 50
1831 49
1832 49
1833 46
1834 39
1835 40
1836 43
1837 37
1838 42
1839 53
1840 44
1841 41
1842 53
1843 35
1844 36
1845 45
1846 30
1847 27
1848 45
1849 42
1850 31
1851 42
1852 35
1853 43
1854 40
1855 36
1856 41
1857 28
1858 28
1859 33
1860 39
1861 38
1862 28
1863 36
1864 54
1865 34
1866 39
1867 44
1868 41
1869 46
1870 46
1871 40
1872 31
1873 40
1874 40
1875 42
1876 41
1877 35
1878 33
1879 35
1880 43
1881 42
1882 32
1883 35
1884 41
1885 28
1886 32
1887 34
1888 37
1889 37
1890 23
1891 42
1892 40
1893 31
1894 27
1895 39
1896 39
1897 39
1898 34
1899 37
1900 37
1901 41
1902 28
1903 26
1904 41
1905 39
1906 37
1907 33
1908 34
1909 30
1910 46
1911 45
1912 35
1913 39
1914 34
1915 28
1916 38
1917 29
1918 41
1919 41
1920 22
1921 39
1922 43
1923 42
1924 40
1925 33
1926 38
1927 35
1928 41
1929 34
1930 31
1931 33
1932 30
1933 27
1934 35
1935 35
1936 38
1937 38
1938 41
1939 31
1940 30
1941 28
1942 36
1943 24
1944 26
1945 30
1946 28
1947 34
1948 28
1949 19
1950 36
1951 41
1952 30
1953 18
1954 34
1955 38
1956 27
1957 24
1958 28
1959 37
1960 25
1961 23
1962 29
1963 38
1964 31
1965 26
1966 31
1967 39
1968 27
1969 30
1970 34
1971 44
1972 28
1973 27
1974 26
1975 31
1976 28
1977 17
1978 31
1979 42
1980 23
1981 30
1982 24
1983 33
1984 19
1985 38
1986 28
1987 26
1988 33
1989 25
1990 31
1991 17
1992 32
1993 28
1994 35
1995 34
1996 23
1997 32
1998 33
1999 24
2000 32
2001 26
2002 36
2003 25
2004 33
2005 26
2006 19
2007 21
2008 26
2009 22
2010 23
2011 30
2012 28
2013 30
2014 16
2015 32
2016 28
2017 24
2018 30
2019 26
2020 23
2021 33
2022 23
2023 21
2024 23
2025 25
2026 27
2027 29
2028 23
2029 25
2030 26
2031 36
2032 28
2033 19
2034 31
2035 17
2036 38
2037 27
2038 29
2039 24
2040 26
2041 30
2042 26
2043 26
2044 27
2045 32
2046 20
2047 25
2048 28
2049 30
2050 24
2051 26
2052 25
2053 18
2054 19
2055 23
2056 27
2057 35
2058 21
2059 24
2060 27
2061 29
2062 26
2063 24
2064 20
2065 22
2066 26
2067 31
2068 30
2069 25
2070 32
2071 23
2072 23
2073 20
2074 17
2075 26
2076 19
2077 24
2078 21
2079 27
2080 24
2081 23
2082 25
2083 22
2084 25
2085 25
2086 32
2087 16
2088 25
2089 25
2090 21
2091 22
2092 23
2093 33
2094 17
2095 26
2096 19
2097 24
2098 16
2099 34
2100 16
2101 19
2102 24
2103 16
2104 33
2105 21
2106 22
2107 16
2108 25
2109 21
2110 21
2111 31
2112 27
2113 31
2114 23
2115 16
2116 16
2117 20
2118 17
2119 16
2120 19
2121 22
2122 22
2123 31
2124 24
2125 23
2126 28
2127 22
2128 23
2129 32
2130 25
2131 24
2132 27
2133 18
2134 30
2135 30
2136 24
2137 23
2138 18
2139 19
2140 13
2141 28
2142 23
2143 22
2144 18
2145 18
2146 27
2147 16
2148 17
2149 19
2150 28
2151 28
2152 28
2153 25
2154 25
2155 19
2156 5
2157 18
2158 24
2159 22
2160 22
2161 14
2162 34
2163 20
2164 18
2165 23
2166 20
2167 20
2168 22
2169 18
2170 13
2171 13
2172 13
2173 21
2174 27
2175 20
2176 18
2177 22
2178 17
2179 19
2180 24
2181 24
2182 24
2183 13
2184 24
2185 17
2186 13
2187 17
2188 12
2189 18
2190 23
2191 18
2192 28
2193 20
2194 19
2195 21
2196 25
2197 15
2198 17
2199 15
2200 19
2201 18
2202 12
2203 13
2204 21
2205 18
2206 20
2207 18
2208 17
2209 18
2210 26
2211 15
2212 21
2213 17
2214 16
2215 19
2216 23
2217 13
2218 16
2219 18
2220 18
2221 16
2222 16
2223 16
2224 16
2225 17
2226 20
2227 13
2228 18
2229 15
2230 19
2231 25
2232 28
2233 12
2234 22
2235 16
2236 18
2237 26
2238 25
2239 16
2240 23
2241 26
2242 23
2243 17
2244 20
2245 15
2246 18
2247 19
2248 22
2249 13
2250 19
2251 15
2252 22
2253 18
2254 19
2255 17
2256 13
2257 16
2258 16
2259 16
2260 19
2261 15
2262 18
2263 15
2264 24
2265 20
2266 17
2267 17
2268 22
2269 19
2270 17
2271 15
2272 11
2273 16
2274 16
2275 19
2276 17
2277 15
2278 24
2279 18
2280 21
2281 21
2282 15
2283 17
2284 15
2285 16
2286 15
2287 14
2288 19
2289 18
2290 11
2291 15
2292 17
2293 18
2294 12
2295 15
2296 15
2297 13
2298 25
2299 16
2300 17
2301 17
2302 18
2303 20
2304 12
2305 23
2306 17
2307 19
2308 12
2309 18
2310 23
2311 22
2312 14
2313 16
2314 20
2315 14
2316 13
2317 15
2318 13
2319 14
2320 13
2321 15
2322 14
2323 23
2324 21
2325 18
2326 17
2327 15
2328 12
2329 16
2330 17
2331 21
2332 13
2333 18
2334 8
2335 13
2336 14
2337 25
2338 13
2339 12
2340 13
2341 15
2342 18
2343 11
2344 24
2345 18
2346 7
2347 15
2348 8
2349 9
2350 13
2351 9
2352 14
2353 10
2354 15
2355 15
2356 6
2357 18
2358 16
2359 15
2360 10
2361 26
2362 10
2363 11
2364 20
2365 17
2366 15
2367 10
2368 17
2369 10
2370 10
2371 11
2372 8
2373 19
2374 17
2375 17
2376 20
2377 13
2378 10
2379 14
2380 9
2381 14
2382 21
2383 14
2384 17
2385 14
2386 16
2387 11
2388 17
2389 16
2390 9
2391 7
2392 16
2393 11
2394 11
2395 14
2396 18
2397 8
2398 15
2399 20
2400 13
2401 11
2402 11
2403 18
2404 15
2405 15
2406 16
2407 19
2408 9
2409 12
2410 19
2411 21
2412 11
2413 15
2414 16
2415 17
2416 18
2417 16
2418 16
2419 22
2420 14
2421 9
2422 12
2423 15
2424 16
2425 11
2426 18
2427 20
2428 13
2429 10
2430 12
2431 16
2432 8
2433 14
2434 10
2435 15
2436 15
2437 13
2438 16
2439 10
2440 10
2441 17
2442 14
2443 15
2444 21
2445 10
2446 14
2447 10
2448 13
2449 19
2450 14
2451 10
2452 19
2453 15
2454 12
2455 13
2456 12
2457 10
2458 15
2459 18
2460 12
2461 12
2462 14
2463 13
2464 13
2465 15
2466 17
2467 11
2468 16
2469 18
2470 12
2471 13
2472 11
2473 12
2474 13
2475 16
2476 10
2477 11
2478 14
2479 14
2480 15
2481 16
2482 15
2483 16
2484 10
2485 13
2486 16
2487 13
2488 12
2489 18
2490 8
2491 15
2492 17
2493 15
2494 10
2495 16
2496 8
2497 10
2498 10
2499 17
2500 9
2501 9
2502 13
2503 15
2504 15
2505 6
2506 13
2507 10
2508 9
2509 5
2510 7
2511 21
2512 13
2513 13
2514 13
2515 8
2516 12
2517 16
2518 15
2519 10
2520 13
2521 18
2522 11
2523 16
2524 7
2525 18
2526 23
2527 9
2528 15
2529 7
2530 9
2531 9
2532 12
2533 10
2534 15
2535 13
2536 12
2537 12
2538 9
2539 13
2540 10
2541 9
2542 9
2543 8
2544 14
2545 9
2546 10
2547 19
2548 8
2549 12
2550 12
2551 9
2552 6
2553 18
2554 12
2555 10
2556 12
2557 7
2558 14
2559 8
2560 15
2561 13
2562 14
2563 14
2564 8
2565 7
2566 17
2567 18
2568 17
2569 21
2570 13
2571 16
2572 8
2573 15
2574 16
2575 17
2576 10
2577 7
2578 8
2579 14
2580 7
2581 8
2582 15
2583 13
2584 13
2585 15
2586 12
2587 17
2588 14
2589 18
2590 11
2591 17
2592 20
2593 13
2594 15
2595 15
2596 13
2597 15
2598 9
2599 9
2600 9
2601 10
2602 14
2603 9
2604 16
2605 19
2606 7
2607 15
2608 14
2609 19
2610 9
2611 13
2612 8
2613 10
2614 12
2615 23
2616 23
2617 14
2618 14
2619 13
2620 7
2621 13
2622 13
2623 12
2624 25
2625 7
2626 7
2627 13
2628 12
2629 9
2630 11
2631 12
2632 11
2633 7
2634 14
2635 16
2636 16
2637 16
2638 8
2639 15
2640 11
2641 15
2642 16
2643 19
2644 9
2645 16
2646 10
2647 20
2648 12
2649 16
2650 9
2651 13
2652 17
2653 15
2654 16
2655 18
2656 16
2657 13
2658 19
2659 8
2660 15
2661 11
2662 9
2663 14
2664 20
2665 4
2666 14
2667 17
2668 18
2669 15
2670 13
2671 18
2672 16
2673 11
2674 10
2675 16
2676 14
2677 16
2678 19
2679 24
2680 15
2681 10
2682 14
2683 17
2684 15
2685 16
2686 8
2687 17
2688 17
2689 11
2690 11
2691 22
2692 16
2693 10
2694 21
2695 16
2696 19
2697 11
2698 10
2699 17
2700 21
2701 14
2702 19
2703 13
2704 12
2705 19
2706 23
2707 18
2708 17
2709 13
2710 23
2711 26
2712 13
2713 21
2714 21
2715 16
2716 15
2717 22
2718 13
2719 27
2720 19
2721 12
2722 14
2723 18
2724 17
2725 17
2726 14
2727 18
2728 19
2729 16
2730 14
2731 18
2732 25
2733 21
2734 22
2735 15
2736 20
2737 18
2738 19
2739 17
2740 19
2741 22
2742 20
2743 20
2744 18
2745 32
2746 27
2747 22
2748 18
2749 14
2750 20
2751 9
2752 22
2753 17
2754 21
2755 24
2756 22
2757 23
2758 30
2759 21
2760 13
2761 23
2762 21
2763 20
2764 22
2765 30
2766 31
2767 24
2768 21
2769 27
2770 28
2771 34
2772 19
2773 29
2774 11
2775 19
2776 14
2777 23
2778 25
2779 22
2780 26
2781 22
2782 34
2783 17
2784 24
2785 33
2786 39
2787 25
2788 25
2789 27
2790 19
2791 33
2792 26
2793 24
2794 21
2795 27
2796 26
2797 26
2798 30
2799 32
2800 30
2801 32
2802 27
2803 26
2804 18
2805 35
2806 35
2807 36
2808 27
2809 26
2810 30
2811 35
2812 37
2813 30
2814 32
2815 32
2816 36
2817 41
2818 37
2819 38
2820 42
2821 29
2822 47
2823 24
2824 33
2825 31
2826 29
2827 31
2828 34
2829 30
2830 35
2831 32
2832 37
2833 43
2834 38
2835 33
2836 33
2837 42
2838 45
2839 47
2840 24
2841 40
2842 27
2843 34
2844 50
2845 31
2846 36
2847 31
2848 41
2849 41
2850 34
2851 36
2852 47
2853 42
2854 40
2855 28
2856 40
2857 36
2858 32
2859 44
2860 41
2861 40
2862 26
2863 37
2864 40
2865 46
2866 36
2867 47
2868 44
2869 53
2870 39
2871 45
2872 34
2873 47
2874 51
2875 36
2876 44
2877 45
2878 52
2879 35
2880 41
2881 52
2882 46
2883 51
2884 44
2885 46
2886 39
2887 43
2888 36
2889 47
2890 41
2891 47
2892 30
2893 32
2894 40
2895 51
2896 43
2897 54
2898 52
2899 44
2900 39
2901 46
2902 46
2903 57
2904 46
2905 30
2906 47
2907 53
2908 37
2909 53
2910 44
2911 48
2912 50
2913 57
2914 51
2915 47
2916 53
2917 48
2918 49
2919 51
2920 46
2921 59
2922 38
2923 51
2924 39
2925 51
2926 61
2927 43
2928 55
2929 59
2930 43
2931 54
2932 40
2933 56
2934 53
2935 55
2936 48
2937 51
2938 59
2939 44
2940 48
2941 52
2942 55
2943 64
2944 40
2945 46
2946 53
2947 39
2948 50
2949 51
2950 58
2951 54
2952 55
2953 61
2954 52
2955 56
2956 43
2957 52
2958 48
2959 52
2960 56
2961 44
2962 43
2963 49
2964 52
2965 48
2966 43
2967 57
2968 51
2969 49
2970 27
2971 45
2972 43
2973 41
2974 47
2975 38
2976 31
2977 46
2978 55
2979 38
2980 44
2981 43
2982 34
2983 40
2984 29
2985 26
2986 27
2987 36
2988 22
2989 21
2990 29
2991 30
2992 18
2993 24
2994 20
2995 21
2996 20
2997 16
2998 20
2999 20
3000 19
3001 4
3002 3
3003 3
3004 2
3005 6
3006 2
3007 1
3009 4
3010 1
3011 3
3012 1
3013 2
3015 2
3016 2
3019 2
3020 1
3021 3
3022 2
3023 4
3024 3
3025 1
3028 1
3031 1
3032 1
3033 2
3034 1
3035 4
3036 1
3037 1
3038 3
3039 1
3042 1
3043 2
3044 2
3045 1
3046 1
3047 1
3052 2
3053 1
3054 2
3056 1
3057 1
3058 1
3059 1
3060 1
3061 2
3062 3
3064 2
3070 2
3071 2
3072 3
3074 1
3076 1
3077 1
3079 1
3081 2
3084 1
3088 1
3089 1
3090 1
3092 1
3093 1
3094 3
3096 1
3097 1
3099 1
3102 2
3105 1
3109 1
3111 1
3115 1
3117 1
3119 1
3120 1
3121 1
3124 1
3127 1
3129 1
3132 1
3141 2
3150 1
3156 1
3159 1
3166 1
3170 1
3171 1
3176 2
3180 1
3183 1
3189 1
3192 1
3196 1
3197 1
3206 1
3208 1
3214 1
3217 1
3219 1
3224 1
3225 1
3247 1
3279 1
3280 1
3286 2
3289 1
3306 1
3316 1
3336 1
3346 1
3377 1
3392 1
3426 1
3430 1
3458 1
3507 1
3525 1
3544 1
3553 2
3561 1
3562 1
3570 1
3707 1
3829 1
3891 1
3897 1
4006 1
4214 1
4333 1
4488 1
4667 1
